Георгий,Козырев,1.0,1.0,1.0,1.0,1.0,1.0,5.0,5.0,5.0,5.0,
Дзестелов,Батраз,0,0,0,0,0,0,5.0,5.0,5.0,5.0
Алан Дулаев,,1.0,1.0,1.0,0.0,1.0,1.0,5.0,5.0,5.0,5.0
Эрик,Бароев,1.0,0.0,1.0,0.0,1.0,0.0,5.0,5.0,5.0,5.0,
Nartikoeva,Angelina,1.0,1.0,1.0,1.0,1.0,1.0,5.0,5.0,5.0,5.0
Кесаев камень,Давид,1.0,1.0,1.0,1.0,1.0,1.0,5.0,5.0,5.0,5.0
Костионова,Алена,0,0,0,0,1.0,1.0,5.0,5.0,5.0,5.0
.,Владимир,1.0,0.0,0,0,1.0,0.0,5.0,5.0,5.0,5.0
Хаблиева,Эмилия,1.0,1.0,1.0,1.0,1.0,1.0,5.0,5.0,5.0,5
Гамаонов,Олег,0.0,0,0,0,0,0.0,5.0,5.0,5.0
Максим,Марченко,1.0,1.0,1.0,1.0,1.0,1.0,5.0,5.0,5.0,5.0
Качмазов,Алекс,0,0,0,0,0,0,5.0,5.0,5.0,5.0
osm,Sokhiev,1.0,1.0,1.0,1.0,1.0,1.0,5.0,5.0,5.0,5.0